demo/demo_dem.asc
ncols 200
nrows 200
xllcorner 500000
yllcorner 5000000
cellsize 10
NODATA_value -9999
[rows 64 to 95 of 200, columns 71 to 141 of 200]
168.27 169.18 170.08 170.97 171.85 172.71 173.55 174.37 175.18 175.96 176.72 177.46 178.17 178.86 179.51 180.14 180.74 181.30 181.83 182.33 182.79 183.22 183.61 183.96 184.28 184.56 184.79 184.99 185.15 185.27 185.35 185.39 185.39 185.36 185.28 185.16 185.01 184.82 184.59 184.33 184.03 183.70 183.34 182.94 182.51 182.06 181.57 181.06 180.52 179.96 179.38 178.77 178.15 177.51 176.85 176.17 175.48 174.78 174.07 173.36 172.63 171.90 171.16 170.42 169.68 168.94 168.20 167.46 166.73 166.00 165.28
169.21 170.14 171.06 171.97 172.87 173.75 174.62 175.46 176.29 177.09 177.87 178.63 179.36 180.06 180.73 181.37 181.98 182.56 183.10 183.61 184.09 184.52 184.92 185.28 185.60 185.88 186.13 186.33 186.49 186.61 186.69 186.73 186.73 186.68 186.60 186.48 186.32 186.12 185.89 185.61 185.30 184.96 184.58 184.17 183.73 183.26 182.76 182.23 181.67 181.09 180.49 179.86 179.22 178.55 177.87 177.17 176.46 175.74 175.01 174.27 173.52 172.76 172.00 171.24 170.47 169.71 168.94 168.18 167.43 166.67 165.93
170.14 171.10 172.04 172.97 173.89 174.80 175.68 176.55 177.39 178.22 179.01 179.79 180.53 181.25 181.94 182.60 183.22 183.81 184.37 184.89 185.37 185.82 186.23 186.59 186.92 187.21 187.45 187.66 187.82 187.94 188.02 188.06 188.05 188.01 187.92 187.79 187.63 187.42 187.17 186.89 186.57 186.21 185.82 185.40 184.94 184.45 183.93 183.39 182.81 182.22 181.59 180.95 180.28 179.60 178.89 178.17 177.44 176.70 175.94 175.17 174.40 173.62 172.84 172.05 171.26 170.47 169.68 168.90 168.12 167.34 166.58
171.07 172.05 173.02 173.97 174.91 175.84 176.74 177.63 178.49 179.34 180.15 180.95 181.71 182.45 183.15 183.82 184.46 185.06 185.63 186.16 186.66 187.11 187.53 187.90 188.24 188.53 188.78 188.99 189.15 189.27 189.35 189.39 189.38 189.33 189.24 189.10 188.93 188.71 188.46 188.16 187.83 187.46 187.06 186.62 186.15 185.65 185.11 184.55 183.95 183.34 182.69 182.03 181.34 180.64 179.91 179.17 178.42 177.65 176.87 176.08 175.28 174.48 173.67 172.86 172.05 171.23 170.42 169.61 168.81 168.01 167.22
171.99 172.99 173.98 174.96 175.92 176.87 177.80 178.71 179.59 180.45 181.29 182.10 182.88 183.63 184.35 185.04 185.69 186.31 186.89 187.43 187.94 188.40 188.82 189.20 189.54 189.84 190.09 190.30 190.47 190.59 190.67 190.70 190.69 190.64 190.54 190.40 190.22 190.00 189.74 189.43 189.09 188.71 188.29 187.84 187.35 186.83 186.28 185.70 185.09 184.45 183.79 183.11 182.40 181.67 180.92 180.16 179.38 178.59 177.79 176.98 176.16 175.33 174.50 173.67 172.83 171.99 171.16 170.33 169.50 168.68 167.86
172.91 173.93 174.95 175.95 176.93 177.90 178.85 179.77 180.68 181.56 182.41 183.24 184.04 184.81 185.54 186.25 186.91 187.54 188.14 188.69 189.20 189.68 190.11 190.50 190.84 191.14 191.40 191.62 191.78 191.91 191.98 192.02 192.00 191.94 191.84 191.70 191.51 191.28 191.00 190.69 190.34 189.94 189.51 189.05 188.54 188.01 187.44 186.84 186.21 185.56 184.88 184.17 183.45 182.70 181.93 181.15 180.35 179.53 178.71 177.87 177.03 176.18 175.32 174.47 173.61 172.75 171.89 171.03 170.18 169.34 168.50
173.82 174.86 175.90 176.92 177.93 178.92 179.88 180.83 181.76 182.66 183.53 184.38 185.19 185.97 186.73 187.44 188.12 188.77 189.37 189.94 190.46 190.94 191.38 191.78 192.13 192.44 192.70 192.91 193.08 193.21 193.28 193.31 193.30 193.24 193.13 192.98 192.78 192.54 192.26 191.94 191.57 191.17 190.72 190.24 189.73 189.17 188.59 187.98 187.33 186.66 185.96 185.23 184.48 183.72 182.93 182.12 181.30 180.46 179.62 178.76 177.89 177.02 176.14 175.26 174.37 173.49 172.61 171.73 170.86 169.99 169.13
174.71 175.78 176.84 177.88 178.91 179.92 180.91 181.88 182.82 183.74 184.63 185.50 186.33 187.13 187.89 188.63 189.32 189.98 190.59 191.17 191.70 192.19 192.64 193.04 193.40 193.71 193.98 194.20 194.37 194.49 194.57 194.60 194.58 194.51 194.40 194.24 194.04 193.79 193.50 193.17 192.79 192.38 191.92 191.43 190.89 190.33 189.73 189.10 188.43 187.74 187.02 186.28 185.51 184.72 183.91 183.08 182.24 181.38 180.51 179.63 178.74 177.85 176.95 176.04 175.13 174.23 173.32 172.42 171.52 170.63 169.75
175.60 176.69 177.77 178.84 179.88 180.91 181.92 182.91 183.87 184.81 185.72 186.60 187.45 188.27 189.05 189.79 190.50 191.17 191.80 192.38 192.93 193.43 193.88 194.29 194.66 194.97 195.24 195.46 195.64 195.76 195.84 195.86 195.84 195.77 195.66 195.49 195.28 195.03 194.73 194.38 194.00 193.57 193.10 192.59 192.05 191.47 190.85 190.20 189.52 188.81 188.07 187.31 186.52 185.71 184.88 184.04 183.17 182.29 181.40 180.50 179.58 178.67 177.74 176.81 175.88 174.96 174.03 173.10 172.18 171.27 170.36
176.47 177.58 178.69 179.77 180.84 181.89 182.92 183.93 184.91 185.86 186.79 187.69 188.55 189.39 190.18 190.94 191.66 192.34 192.98 193.58 194.14 194.64 195.11 195.52 195.89 196.21 196.49 196.71 196.89 197.01 197.09 197.11 197.09 197.01 196.89 196.72 196.51 196.24 195.94 195.58 195.18 194.74 194.26 193.74 193.18 192.59 191.95 191.29 190.59 189.86 189.11 188.33 187.52 186.69 185.84 184.97 184.09 183.18 182.27 181.35 180.41 179.47 178.52 177.57 176.62 175.67 174.72 173.77 172.83 171.90 170.97
177.33 178.46 179.58 180.69 181.78 182.85 183.90 184.93 185.93 186.90 187.84 188.76 189.64 190.49 191.30 192.07 192.81 193.50 194.15 194.76 195.32 195.84 196.31 196.73 197.11 197.43 197.71 197.94 198.11 198.24 198.31 198.34 198.31 198.23 198.11 197.93 197.71 197.44 197.12 196.76 196.35 195.90 195.41 194.87 194.30 193.69 193.04 192.36 191.64 190.90 190.13 189.33 188.50 187.65 186.78 185.89 184.98 184.06 183.13 182.18 181.22 180.26 179.29 178.32 177.35 176.37 175.40 174.43 173.47 172.51 171.56
178.17 179.32 180.46 181.59 182.70 183.79 184.86 185.90 186.92 187.91 188.88 189.81 190.70 191.56 192.39 193.18 193.92 194.63 195.29 195.91 196.48 197.01 197.49 197.92 198.30 198.63 198.91 199.14 199.31 199.44 199.51 199.54 199.51 199.43 199.30 199.12 198.89 198.61 198.28 197.91 197.49 197.03 196.52 195.98 195.39 194.76 194.10 193.41 192.68 191.91 191.12 190.30 189.46 188.59 187.70 186.79 185.86 184.92 183.97 183.00 182.02 181.04 180.05 179.05 178.06 177.06 176.07 175.08 174.09 173.11 172.14
178.98 180.16 181.32 182.47 183.60 184.71 185.80 186.86 187.89 188.90 189.88 190.83 191.74 192.62 193.46 194.26 195.02 195.73 196.41 197.04 197.62 198.15 198.64 199.07 199.46 199.79 200.08 200.31 200.49 200.61 200.69 200.71 200.68 200.59 200.46 200.27 200.04 199.75 199.42 199.04 198.61 198.13 197.62 197.06 196.46 195.82 195.14 194.43 193.68 192.90 192.09 191.26 190.40 189.51 188.60 187.67 186.72 185.76 184.78 183.80 182.80 181.79 180.78 179.77 178.75 177.73 176.72 175.71 174.70 173.70 172.71
179.78 180.98 182.16 183.33 184.48 185.60 186.71 187.79 188.84 189.87 190.86 191.83 192.75 193.64 194.50 195.31 196.08 196.81 197.50 198.13 198.72 199.27 199.76 200.20 200.59 200.93 201.22 201.45 201.63 201.76 201.83 201.85 201.82 201.73 201.59 201.40 201.16 200.87 200.52 200.13 199.70 199.21 198.68 198.11 197.50 196.84 196.15 195.43 194.66 193.87 193.04 192.19 191.31 190.40 189.48 188.53 187.56 186.58 185.58 184.57 183.56 182.53 181.50 180.46 179.42 178.39 177.35 176.32 175.29 174.27 173.26
180.56 181.77 182.97 184.16 185.33 186.47 187.59 188.69 189.76 190.81 191.82 192.79 193.74 194.64 195.51 196.33 197.12 197.86 198.55 199.20 199.80 200.35 200.85 201.30 201.69 202.04 202.33 202.56 202.74 202.87 202.94 202.96 202.93 202.84 202.69 202.50 202.25 201.95 201.60 201.20 200.75 200.26 199.72 199.13 198.51 197.84 197.14 196.39 195.62 194.81 193.96 193.09 192.19 191.27 190.33 189.36 188.37 187.37 186.36 185.33 184.29 183.24 182.19 181.14 180.08 179.02 177.97 176.91 175.87 174.83 173.80
181.31 182.54 183.76 184.96 186.15 187.31 188.45 189.57 190.66 191.71 192.74 193.73 194.69 195.61 196.49 197.33 198.12 198.87 199.57 200.23 200.84 201.40 201.90 202.36 202.76 203.11 203.40 203.64 203.82 203.95 204.02 204.04 204.00 203.91 203.76 203.56 203.30 203.00 202.64 202.23 201.77 201.27 200.72 200.13 199.49 198.81 198.09 197.33 196.54 195.71 194.86 193.97 193.05 192.11 191.15 190.16 189.16 188.14 187.11 186.06 185.00 183.94 182.87 181.79 180.71 179.64 178.56 177.49 176.42 175.36 174.31
182.03 183.28 184.52 185.74 186.94 188.13 189.28 190.41 191.52 192.59 193.63 194.64 195.61 196.54 197.43 198.28 199.09 199.85 200.56 201.23 201.84 202.41 202.92 203.38 203.79 204.14 204.44 204.68 204.86 204.99 205.06 205.08 205.04 204.94 204.79 204.58 204.32 204.01 203.64 203.23 202.76 202.25 201.69 201.08 200.43 199.74 199.01 198.24 197.43 196.59 195.72 194.81 193.88 192.93 191.94 190.94 189.92 188.88 187.83 186.76 185.69 184.60 183.51 182.42 181.32 180.23 179.13 178.04 176.96 175.88 174.81
182.73 184.00 185.25 186.49 187.71 188.91 190.08 191.23 192.34 193.43 194.49 195.51 196.49 197.44 198.34 199.20 200.02 200.79 201.51 202.19 202.81 203.38 203.90 204.37 204.78 205.13 205.43 205.68 205.86 205.99 206.06 206.08 206.03 205.93 205.78 205.57 205.30 204.98 204.61 204.19 203.71 203.19 202.62 202.00 201.34 200.64 199.89 199.11 198.29 197.43 196.54 195.63 194.68 193.71 192.71 191.69 190.65 189.60 188.53 187.44 186.35 185.25 184.14 183.03 181.91 180.80 179.69 178.58 177.47 176.38 175.29
183.39 184.68 185.95 187.20 188.44 189.65 190.84 192.00 193.14 194.24 195.31 196.34 197.34 198.29 199.21 200.08 200.91 201.69 202.42 203.11 203.74 204.32 204.84 205.31 205.73 206.09 206.39 206.63 206.82 206.95 207.02 207.03 206.99 206.89 206.73 206.51 206.24 205.92 205.54 205.11 204.62 204.09 203.51 202.88 202.21 201.49 200.74 199.94 199.11 198.24 197.34 196.40 195.44 194.45 193.44 192.40 191.35 190.28 189.19 188.09 186.98 185.86 184.73 183.61 182.47 181.34 180.21 179.09 177.97 176.85 175.75
184.02 185.33 186.62 187.89 189.14 190.36 191.57 192.74 193.89 195.01 196.09 197.14 198.14 199.11 200.04 200.92 201.76 202.55 203.29 203.98 204.62 205.20 205.74 206.21 206.63 206.99 207.30 207.55 207.73 207.86 207.93 207.95 207.90 207.79 207.63 207.41 207.14 206.80 206.42 205.98 205.49 204.95 204.36 203.72 203.04 202.31 201.54 200.74 199.89 199.01 198.09 197.14 196.17 195.16 194.14 193.09 192.02 190.93 189.82 188.71 187.58 186.45 185.30 184.16 183.01 181.86 180.71 179.57 178.43 177.31 176.19
184.63 185.94 187.25 188.53 189.80 191.04 192.26 193.45 194.61 195.74 196.83 197.89 198.91 199.89 200.83 201.72 202.57 203.36 204.11 204.81 205.46 206.05 206.59 207.07 207.49 207.86 208.16 208.41 208.60 208.73 208.80 208.81 208.76 208.66 208.49 208.27 207.99 207.65 207.26 206.81 206.31 205.76 205.17 204.52 203.83 203.09 202.31 201.49 200.63 199.74 198.81 197.85 196.86 195.84 194.80 193.73 192.65 191.54 190.43 189.29 188.15 187.00 185.84 184.68 183.51 182.35 181.19 180.03 178.88 177.73 176.60
185.19 186.53 187.84 189.14 190.42 191.68 192.91 194.11 195.28 196.43 197.53 198.60 199.63 200.62 201.57 202.47 203.33 204.13 204.89 205.60 206.25 206.85 207.39 207.87 208.30 208.67 208.98 209.23 209.42 209.55 209.62 209.63 209.58 209.47 209.30 209.07 208.79 208.45 208.05 207.60 207.09 206.53 205.93 205.27 204.57 203.82 203.03 202.20 201.33 200.43 199.48 198.51 197.51 196.48 195.42 194.34 193.24 192.13 190.99 189.85 188.69 187.52 186.35 185.17 183.99 182.81 181.64 180.46 179.29 178.13 176.98
185.72 187.07 188.40 189.71 191.01 192.27 193.52 194.73 195.92 197.07 198.19 199.27 200.31 201.31 202.27 203.18 204.04 204.86 205.62 206.33 206.99 207.59 208.14 208.63 209.06 209.43 209.74 210.00 210.19 210.32 210.39 210.40 210.34 210.23 210.06 209.83 209.54 209.19 208.79 208.33 207.82 207.26 206.64 205.98 205.27 204.51 203.71 202.87 201.99 201.07 200.12 199.13 198.12 197.07 196.01 194.91 193.80 192.67 191.52 190.36 189.19 188.01 186.82 185.63 184.44 183.24 182.05 180.87 179.68 178.51 177.35
186.22 187.58 188.92 190.24 191.55 192.83 194.08 195.31 196.51 197.67 198.80 199.89 200.94 201.95 202.91 203.83 204.71 205.53 206.30 207.02 207.68 208.29 208.84 209.33 209.77 210.14 210.46 210.71 210.90 211.03 211.10 211.11 211.06 210.94 210.77 210.53 210.24 209.89 209.48 209.02 208.50 207.93 207.31 206.63 205.91 205.15 204.34 203.49 202.60 201.67 200.71 199.71 198.68 197.63 196.55 195.44 194.32 193.18 192.02 190.84 189.66 188.46 187.26 186.06 184.85 183.65 182.44 181.24 180.05 178.86 177.68
186.67 188.04 189.40 190.73 192.05 193.34 194.61 195.85 197.05 198.22 199.36 200.46 201.52 202.54 203.51 204.44 205.32 206.15 206.93 207.65 208.32 208.93 209.49 209.98 210.42 210.80 211.12 211.37 211.56 211.69 211.76 211.77 211.72 211.60 211.42 211.18 210.89 210.53 210.12 209.65 209.13 208.55 207.92 207.24 206.51 205.74 204.92 204.06 203.16 202.22 201.25 200.25 199.21 198.14 197.05 195.93 194.80 193.64 192.47 191.29 190.09 188.88 187.67 186.45 185.23 184.02 182.80 181.59 180.38 179.18 177.99
187.09 188.47 189.83 191.18 192.51 193.81 195.09 196.33 197.55 198.73 199.88 200.99 202.06 203.08 204.06 205.00 205.88 206.72 207.50 208.23 208.90 209.52 210.08 210.58 211.02 211.40 211.72 211.98 212.17 212.30 212.37 212.38 212.32 212.20 212.02 211.78 211.48 211.12 210.70 210.23 209.70 209.12 208.48 207.80 207.06 206.28 205.46 204.59 203.68 202.73 201.75 200.73 199.69 198.61 197.51 196.38 195.23 194.07 192.89 191.69 190.48 189.26 188.04 186.81 185.58 184.35 183.12 181.90 180.68 179.47 178.27
187.46 188.85 190.23 191.59 192.92 194.23 195.52 196.77 198.00 199.19 200.34 201.46 202.54 203.57 204.56 205.50 206.39 207.23 208.02 208.75 209.43 210.05 210.62 211.12 211.56 211.94 212.26 212.52 212.72 212.85 212.92 212.92 212.86 212.74 212.56 212.32 212.02 211.65 211.23 210.75 210.22 209.63 208.99 208.30 207.56 206.77 205.94 205.06 204.14 203.19 202.20 201.17 200.12 199.03 197.92 196.79 195.63 194.45 193.26 192.05 190.84 189.61 188.37 187.14 185.89 184.65 183.41 182.18 180.95 179.73 178.52
187.79 189.19 190.58 191.94 193.29 194.61 195.90 197.17 198.40 199.60 200.76 201.88 202.97 204.00 205.00 205.95 206.84 207.69 208.48 209.22 209.90 210.53 211.09 211.60 212.05 212.43 212.75 213.01 213.21 213.34 213.41 213.41 213.35 213.23 213.05 212.80 212.49 212.13 211.70 211.22 210.68 210.09 209.44 208.75 208.00 207.20 206.37 205.48 204.56 203.60 202.60 201.57 200.50 199.41 198.29 197.14 195.98 194.79 193.59 192.38 191.15 189.91 188.67 187.42 186.17 184.92 183.67 182.43 181.19 179.96 178.74
188.08 189.49 190.88 192.26 193.61 194.94 196.24 197.51 198.75 199.95 201.12 202.25 203.34 204.39 205.39 206.34 207.24 208.09 208.89 209.63 210.32 210.94 211.51 212.02 212.47 212.86 213.18 213.44 213.63 213.77 213.83 213.84 213.78 213.66 213.47 213.22 212.91 212.54 212.12 211.63 211.09 210.49 209.84 209.14 208.39 207.59 206.74 205.85 204.92 203.95 202.95 201.91 200.84 199.74 198.61 197.46 196.28 195.09 193.88 192.66 191.42 190.18 188.93 187.67 186.41 185.15 183.90 182.64 181.40 180.16 178.93
188.33 189.74 191.14 192.52 193.88 195.22 196.52 197.80 199.05 200.26 201.43 202.57 203.66 204.71 205.72 206.67 207.58 208.43 209.23 209.98 210.67 211.30 211.87 212.38 212.83 213.22 213.54 213.80 214.00 214.13 214.20 214.20 214.14 214.02 213.83 213.58 213.27 212.90 212.47 211.98 211.43 210.83 210.18 209.47 208.72 207.91 207.06 206.17 205.23 204.26 203.25 202.20 201.12 200.02 198.88 197.72 196.54 195.34 194.13 192.90 191.65 190.40 189.14 187.88 186.61 185.35 184.09 182.83 181.57 180.33 179.09
188.53 189.95 191.36 192.74 194.11 195.45 196.76 198.04 199.29 200.51 201.69 202.83 203.93 204.98 205.99 206.95 207.86 208.72 209.52 210.27 210.96 211.60 212.17 212.68 213.13 213.52 213.85 214.11 214.31 214.44 214.51 214.51 214.45 214.32 214.13 213.88 213.57 213.20 212.76 212.27 211.72 211.12 210.46 209.75 208.99 208.18 207.33 206.43 205.49 204.51 203.49 202.44 201.36 200.25 199.11 197.94 196.76 195.55 194.33 193.09 191.84 190.59 189.32 188.05 186.78 185.51 184.24 182.97 181.71 180.46 179.22
188.69 190.11 191.52 192.91 194.28 195.63 196.94 198.23 199.49 200.71 201.89 203.03 204.14 205.19 206.21 207.17 208.08 208.94 209.75 210.50 211.19 211.83 212.41 212.92 213.37 213.76 214.09 214.35 214.55 214.68 214.75 214.75 214.69 214.56 214.37 214.12 213.81 213.43 212.99 212.50 211.95 211.34 210.68 209.97 209.21 208.39 207.54 206.63 205.69 204.71 203.69 202.63 201.54 200.43 199.28 198.11 196.92 195.71 194.49 193.24 191.99 190.73 189.46 188.18 186.91 185.63 184.35 183.08 181.82 180.56 179.32
