demo/demo_dem.asc
ncols 200
nrows 200
xllcorner 500000
yllcorner 5000000
cellsize 10
NODATA_value -9999
[rows 64 to 95 of 200, columns 0 to 70 of 200]
127.57 127.74 127.91 128.09 128.28 128.47 128.67 128.87 129.08 129.30 129.53 129.76 130.01 130.26 130.52 130.79 131.07 131.37 131.67 131.98 132.31 132.65 133.00 133.36 133.74 134.13 134.54 134.96 135.40 135.85 136.32 136.80 137.30 137.82 138.35 138.90 139.47 140.05 140.66 141.28 141.91 142.57 143.24 143.93 144.64 145.37 146.11 146.87 147.64 148.43 149.24 150.06 150.90 151.75 152.61 153.48 154.37 155.26 156.17 157.08 158.00 158.93 159.86 160.80 161.74 162.68 163.62 164.56 165.50 166.43 167.36
127.54 127.71 127.89 128.07 128.26 128.45 128.65 128.86 129.08 129.30 129.53 129.77 130.02 130.27 130.54 130.81 131.10 131.40 131.71 132.03 132.36 132.71 133.07 133.44 133.82 134.22 134.64 135.07 135.52 135.98 136.45 136.95 137.46 137.99 138.53 139.10 139.68 140.28 140.89 141.53 142.18 142.85 143.54 144.25 144.98 145.72 146.48 147.26 148.05 148.86 149.69 150.53 151.39 152.26 153.14 154.04 154.95 155.86 156.79 157.73 158.67 159.63 160.58 161.54 162.51 163.47 164.44 165.40 166.36 167.32 168.27
127.52 127.69 127.87 128.05 128.24 128.44 128.64 128.85 129.07 129.30 129.53 129.77 130.02 130.29 130.56 130.84 131.13 131.43 131.75 132.07 132.41 132.77 133.13 133.51 133.90 134.31 134.74 135.18 135.63 136.10 136.59 137.10 137.62 138.16 138.72 139.29 139.89 140.50 141.13 141.78 142.45 143.14 143.84 144.57 145.31 146.07 146.85 147.65 148.46 149.29 150.14 151.00 151.88 152.77 153.68 154.59 155.52 156.47 157.42 158.38 159.34 160.32 161.30 162.28 163.27 164.26 165.25 166.24 167.22 168.20 169.17
127.49 127.66 127.85 128.03 128.22 128.42 128.63 128.84 129.06 129.29 129.53 129.78 130.03 130.30 130.57 130.86 131.16 131.47 131.79 132.12 132.46 132.82 133.20 133.58 133.99 134.40 134.83 135.28 135.75 136.23 136.73 137.24 137.78 138.33 138.90 139.49 140.10 140.72 141.37 142.03 142.72 143.42 144.14 144.88 145.64 146.42 147.22 148.04 148.87 149.72 150.59 151.47 152.37 153.28 154.21 155.15 156.10 157.06 158.04 159.02 160.01 161.01 162.01 163.02 164.03 165.05 166.06 167.07 168.08 169.08 170.08
127.46 127.64 127.82 128.01 128.21 128.41 128.62 128.83 129.06 129.29 129.53 129.78 130.04 130.31 130.59 130.88 131.18 131.50 131.82 132.16 132.52 132.88 133.26 133.66 134.07 134.49 134.93 135.39 135.86 136.35 136.86 137.39 137.94 138.50 139.08 139.68 140.30 140.95 141.60 142.28 142.98 143.70 144.44 145.20 145.98 146.77 147.59 148.42 149.27 150.14 151.03 151.93 152.85 153.79 154.74 155.70 156.67 157.66 158.66 159.66 160.68 161.70 162.73 163.76 164.79 165.83 166.87 167.90 168.93 169.96 170.98
127.44 127.61 127.80 127.99 128.19 128.39 128.60 128.82 129.05 129.29 129.53 129.79 130.05 130.32 130.61 130.90 131.21 131.53 131.86 132.21 132.57 132.94 133.32 133.73 134.14 134.58 135.03 135.49 135.98 136.48 137.00 137.54 138.09 138.67 139.26 139.88 140.51 141.16 141.84 142.53 143.25 143.98 144.74 145.51 146.30 147.12 147.95 148.80 149.68 150.56 151.47 152.39 153.33 154.29 155.26 156.24 157.24 158.25 159.27 160.30 161.34 162.38 163.43 164.49 165.55 166.61 167.67 168.72 169.78 170.83 171.87
127.41 127.59 127.78 127.97 128.17 128.38 128.59 128.81 129.04 129.28 129.53 129.79 130.06 130.33 130.62 130.92 131.24 131.56 131.90 132.25 132.61 132.99 133.39 133.80 134.22 134.66 135.12 135.60 136.09 136.60 137.13 137.68 138.25 138.83 139.44 140.07 140.71 141.38 142.07 142.78 143.51 144.26 145.03 145.82 146.63 147.46 148.31 149.18 150.07 150.98 151.91 152.85 153.81 154.79 155.78 156.78 157.80 158.83 159.88 160.93 161.99 163.06 164.13 165.21 166.29 167.37 168.46 169.54 170.62 171.69 172.76
127.38 127.56 127.75 127.95 128.15 128.36 128.58 128.80 129.04 129.28 129.53 129.79 130.06 130.34 130.64 130.94 131.26 131.59 131.93 132.29 132.66 133.05 133.45 133.87 134.30 134.75 135.21 135.70 136.20 136.72 137.26 137.82 138.40 139.00 139.62 140.26 140.92 141.60 142.30 143.02 143.76 144.53 145.32 146.12 146.95 147.80 148.67 149.56 150.47 151.39 152.34 153.30 154.28 155.28 156.29 157.32 158.36 159.41 160.48 161.55 162.63 163.72 164.82 165.92 167.03 168.13 169.24 170.35 171.45 172.54 173.63
127.35 127.54 127.73 127.93 128.13 128.34 128.56 128.79 129.03 129.27 129.53 129.79 130.07 130.35 130.65 130.96 131.29 131.62 131.97 132.33 132.71 133.10 133.51 133.93 134.37 134.83 135.31 135.80 136.31 136.84 137.39 137.96 138.55 139.16 139.79 140.44 141.11 141.81 142.52 143.26 144.02 144.80 145.60 146.42 147.27 148.13 149.02 149.93 150.85 151.80 152.76 153.75 154.75 155.77 156.80 157.85 158.91 159.98 161.07 162.16 163.27 164.38 165.50 166.63 167.76 168.88 170.01 171.14 172.27 173.38 174.50
127.32 127.51 127.70 127.90 128.11 128.33 128.55 128.78 129.02 129.27 129.53 129.79 130.07 130.36 130.67 130.98 131.31 131.65 132.00 132.37 132.75 133.15 133.57 134.00 134.45 134.91 135.39 135.90 136.42 136.96 137.52 138.10 138.70 139.32 139.96 140.62 141.31 142.01 142.74 143.49 144.27 145.06 145.88 146.72 147.58 148.46 149.37 150.29 151.23 152.20 153.18 154.19 155.21 156.24 157.30 158.36 159.45 160.54 161.65 162.77 163.90 165.03 166.17 167.32 168.47 169.62 170.77 171.92 173.07 174.21 175.35
127.30 127.48 127.68 127.88 128.09 128.31 128.53 128.77 129.01 129.26 129.52 129.79 130.08 130.37 130.68 131.00 131.33 131.68 132.03 132.41 132.80 133.20 133.62 134.06 134.52 134.99 135.48 135.99 136.52 137.07 137.64 138.23 138.84 139.47 140.12 140.80 141.50 142.22 142.96 143.72 144.51 145.32 146.15 147.01 147.88 148.78 149.70 150.65 151.61 152.59 153.59 154.61 155.65 156.71 157.78 158.87 159.98 161.09 162.22 163.36 164.51 165.67 166.83 168.00 169.17 170.35 171.52 172.69 173.86 175.02 176.18
127.27 127.46 127.65 127.86 128.07 128.29 128.52 128.75 129.00 129.25 129.52 129.79 130.08 130.38 130.69 131.01 131.35 131.70 132.07 132.44 132.84 133.25 133.68 134.12 134.59 135.07 135.57 136.08 136.62 137.18 137.76 138.36 138.98 139.62 140.29 140.97 141.68 142.41 143.17 143.95 144.75 145.57 146.42 147.29 148.18 149.10 150.03 150.99 151.97 152.97 153.99 155.03 156.09 157.17 158.26 159.37 160.49 161.63 162.78 163.94 165.11 166.29 167.48 168.67 169.86 171.06 172.25 173.45 174.64 175.82 177.00
127.24 127.43 127.63 127.83 128.05 128.27 128.50 128.74 128.99 129.24 129.51 129.79 130.08 130.39 130.70 131.03 131.37 131.72 132.09 132.48 132.88 133.30 133.73 134.18 134.65 135.14 135.65 136.17 136.72 137.29 137.87 138.48 139.11 139.77 140.44 141.14 141.86 142.61 143.38 144.17 144.98 145.82 146.68 147.57 148.47 149.40 150.36 151.33 152.33 153.35 154.39 155.44 156.52 157.62 158.73 159.86 161.00 162.16 163.33 164.51 165.70 166.90 168.11 169.32 170.53 171.75 172.97 174.18 175.39 176.60 177.80
127.21 127.40 127.60 127.81 128.03 128.25 128.48 128.72 128.97 129.24 129.51 129.79 130.08 130.39 130.71 131.04 131.39 131.75 132.12 132.51 132.92 133.34 133.78 134.24 134.71 135.21 135.72 136.26 136.81 137.39 137.99 138.60 139.25 139.91 140.60 141.30 142.04 142.79 143.57 144.38 145.21 146.06 146.93 147.83 148.76 149.70 150.67 151.66 152.68 153.71 154.77 155.84 156.94 158.05 159.18 160.33 161.49 162.67 163.86 165.06 166.27 167.49 168.72 169.95 171.19 172.42 173.66 174.90 176.13 177.36 178.57
127.18 127.37 127.58 127.79 128.00 128.23 128.46 128.71 128.96 129.23 129.50 129.79 130.08 130.39 130.71 131.05 131.40 131.77 132.15 132.54 132.95 133.38 133.83 134.29 134.77 135.28 135.80 136.34 136.90 137.49 138.09 138.72 139.37 140.05 140.74 141.46 142.21 142.97 143.77 144.58 145.42 146.29 147.18 148.09 149.03 149.99 150.97 151.98 153.01 154.06 155.14 156.23 157.34 158.47 159.62 160.79 161.97 163.17 164.38 165.60 166.83 168.07 169.31 170.57 171.82 173.08 174.34 175.59 176.84 178.09 179.33
127.15 127.34 127.55 127.76 127.98 128.21 128.44 128.69 128.95 129.21 129.49 129.78 130.08 130.39 130.72 131.06 131.41 131.78 132.17 132.57 132.99 133.42 133.87 134.34 134.83 135.34 135.87 136.42 136.99 137.58 138.20 138.83 139.49 140.18 140.88 141.61 142.37 143.15 143.95 144.78 145.63 146.51 147.41 148.34 149.29 150.27 151.27 152.29 153.34 154.40 155.49 156.60 157.73 158.88 160.05 161.23 162.43 163.65 164.87 166.11 167.36 168.62 169.89 171.16 172.44 173.71 174.99 176.27 177.54 178.80 180.06
127.12 127.31 127.52 127.73 127.95 128.18 128.42 128.67 128.93 129.20 129.48 129.77 130.08 130.39 130.72 131.07 131.43 131.80 132.19 132.59 133.02 133.46 133.91 134.39 134.88 135.40 135.94 136.49 137.07 137.67 138.29 138.94 139.61 140.30 141.02 141.76 142.52 143.31 144.13 144.97 145.83 146.72 147.64 148.58 149.55 150.54 151.55 152.59 153.65 154.73 155.84 156.96 158.11 159.27 160.46 161.66 162.88 164.11 165.36 166.61 167.88 169.16 170.44 171.73 173.03 174.32 175.62 176.91 178.20 179.49 180.76
127.08 127.28 127.49 127.71 127.93 128.16 128.40 128.65 128.91 129.19 129.47 129.76 130.07 130.39 130.72 131.07 131.43 131.81 132.21 132.62 133.04 133.49 133.95 134.43 134.93 135.46 136.00 136.56 137.15 137.76 138.39 139.04 139.72 140.42 141.14 141.89 142.67 143.47 144.30 145.15 146.03 146.93 147.86 148.81 149.79 150.79 151.82 152.87 153.95 155.04 156.16 157.31 158.47 159.65 160.85 162.07 163.30 164.55 165.82 167.09 168.38 169.67 170.98 172.29 173.60 174.91 176.23 177.54 178.85 180.15 181.44
127.05 127.25 127.46 127.68 127.90 128.14 128.38 128.63 128.90 129.17 129.46 129.75 130.06 130.39 130.72 131.08 131.44 131.82 132.22 132.63 133.07 133.52 133.98 134.47 134.98 135.51 136.06 136.63 137.22 137.83 138.47 139.13 139.82 140.53 141.26 142.02 142.81 143.62 144.46 145.32 146.21 147.12 148.06 149.03 150.02 151.03 152.08 153.14 154.23 155.34 156.48 157.63 158.81 160.01 161.23 162.46 163.71 164.98 166.26 167.55 168.85 170.17 171.49 172.81 174.14 175.47 176.81 178.13 179.46 180.78 182.09
127.02 127.22 127.43 127.65 127.88 128.11 128.36 128.61 128.88 129.15 129.44 129.74 130.05 130.38 130.72 131.08 131.45 131.83 132.23 132.65 133.09 133.54 134.02 134.51 135.02 135.55 136.11 136.69 137.29 137.91 138.55 139.22 139.92 140.63 141.38 142.15 142.94 143.76 144.61 145.48 146.38 147.30 148.26 149.23 150.24 151.26 152.32 153.40 154.50 155.63 156.77 157.95 159.14 160.35 161.58 162.83 164.10 165.38 166.68 167.99 169.31 170.63 171.97 173.31 174.66 176.01 177.36 178.70 180.05 181.38 182.71
126.98 127.19 127.40 127.62 127.85 128.08 128.33 128.59 128.86 129.13 129.43 129.73 130.04 130.37 130.72 131.07 131.45 131.84 132.24 132.66 133.10 133.56 134.04 134.54 135.06 135.60 136.16 136.74 137.35 137.97 138.63 139.30 140.00 140.73 141.48 142.26 143.06 143.89 144.75 145.63 146.54 147.48 148.44 149.43 150.44 151.48 152.55 153.64 154.75 155.89 157.06 158.24 159.45 160.67 161.92 163.18 164.46 165.76 167.07 168.40 169.73 171.08 172.43 173.79 175.15 176.51 177.88 179.24 180.60 181.95 183.29
126.95 127.15 127.37 127.59 127.82 128.06 128.30 128.56 128.83 129.11 129.41 129.71 130.03 130.36 130.71 131.07 131.45 131.84 132.25 132.67 133.12 133.58 134.06 134.57 135.09 135.63 136.20 136.79 137.40 138.04 138.69 139.38 140.09 140.82 141.58 142.36 143.18 144.01 144.88 145.77 146.69 147.64 148.61 149.61 150.63 151.68 152.76 153.86 154.99 156.14 157.32 158.52 159.74 160.98 162.24 163.51 164.81 166.12 167.45 168.78 170.13 171.49 172.86 174.24 175.61 176.99 178.37 179.75 181.12 182.49 183.85
126.91 127.12 127.33 127.55 127.79 128.03 128.28 128.54 128.81 129.09 129.39 129.69 130.02 130.35 130.70 131.06 131.44 131.84 132.25 132.68 133.13 133.60 134.08 134.59 135.12 135.67 136.24 136.83 137.45 138.09 138.76 139.45 140.16 140.90 141.67 142.46 143.28 144.13 145.00 145.90 146.83 147.78 148.77 149.77 150.81 151.87 152.96 154.07 155.21 156.38 157.56 158.77 160.01 161.26 162.53 163.82 165.13 166.46 167.79 169.15 170.51 171.88 173.27 174.65 176.04 177.44 178.83 180.22 181.61 182.99 184.36
126.87 127.08 127.30 127.52 127.75 128.00 128.25 128.51 128.78 129.07 129.37 129.67 130.00 130.33 130.69 131.05 131.43 131.83 132.25 132.68 133.13 133.61 134.10 134.61 135.14 135.69 136.27 136.87 137.49 138.14 138.81 139.50 140.23 140.97 141.75 142.55 143.37 144.23 145.11 146.02 146.95 147.92 148.91 149.93 150.97 152.05 153.14 154.27 155.42 156.59 157.79 159.01 160.25 161.52 162.80 164.11 165.43 166.77 168.12 169.48 170.86 172.25 173.64 175.04 176.45 177.85 179.26 180.66 182.06 183.46 184.84
126.84 127.04 127.26 127.49 127.72 127.96 128.22 128.48 128.76 129.04 129.34 129.65 129.98 130.32 130.67 131.04 131.42 131.83 132.24 132.68 133.14 133.61 134.11 134.62 135.16 135.72 136.30 136.90 137.53 138.18 138.86 139.56 140.28 141.04 141.82 142.62 143.46 144.32 145.21 146.12 147.07 148.04 149.04 150.07 151.12 152.20 153.31 154.44 155.60 156.79 158.00 159.23 160.48 161.76 163.05 164.37 165.70 167.05 168.41 169.79 171.18 172.58 173.99 175.40 176.82 178.23 179.65 181.07 182.48 183.89 185.29
126.80 127.01 127.22 127.45 127.69 127.93 128.18 128.45 128.73 129.01 129.32 129.63 129.96 130.30 130.65 131.02 131.41 131.82 132.24 132.68 133.13 133.61 134.11 134.63 135.17 135.73 136.32 136.92 137.56 138.21 138.89 139.60 140.33 141.09 141.88 142.69 143.53 144.40 145.29 146.22 147.17 148.15 149.16 150.19 151.25 152.34 153.46 154.60 155.77 156.96 158.18 159.42 160.69 161.97 163.28 164.61 165.95 167.31 168.68 170.07 171.47 172.88 174.30 175.72 177.15 178.58 180.01 181.44 182.86 184.28 185.69
126.76 126.97 127.19 127.41 127.65 127.90 128.15 128.42 128.70 128.99 129.29 129.60 129.93 130.27 130.63 131.01 131.39 131.80 132.23 132.67 133.13 133.61 134.11 134.63 135.18 135.74 136.33 136.94 137.58 138.24 138.92 139.64 140.37 141.14 141.93 142.75 143.59 144.47 145.37 146.30 147.26 148.24 149.26 150.30 151.37 152.47 153.59 154.74 155.92 157.12 158.35 159.60 160.87 162.17 163.48 164.82 166.17 167.54 168.92 170.32 171.73 173.15 174.58 176.01 177.45 178.89 180.34 181.77 183.21 184.64 186.05
126.72 126.93 127.15 127.37 127.61 127.86 128.12 128.38 128.66 128.95 129.26 129.57 129.90 130.25 130.61 130.98 131.37 131.78 132.21 132.65 133.12 133.60 134.11 134.63 135.18 135.75 136.34 136.95 137.59 138.26 138.95 139.66 140.41 141.17 141.97 142.79 143.64 144.52 145.43 146.37 147.33 148.32 149.34 150.39 151.47 152.57 153.71 154.86 156.05 157.26 158.49 159.75 161.03 162.34 163.66 165.00 166.36 167.74 169.14 170.54 171.96 173.39 174.83 176.27 177.72 179.17 180.62 182.07 183.51 184.95 186.38
126.67 126.89 127.11 127.33 127.57 127.82 128.08 128.35 128.63 128.92 129.22 129.54 129.87 130.22 130.58 130.96 131.35 131.76 132.19 132.64 133.10 133.59 134.10 134.62 135.17 135.74 136.34 136.96 137.60 138.27 138.96 139.68 140.43 141.20 142.00 142.83 143.68 144.57 145.48 146.42 147.39 148.39 149.42 150.47 151.55 152.66 153.80 154.97 156.16 157.37 158.61 159.88 161.17 162.48 163.81 165.16 166.53 167.92 169.32 170.73 172.16 173.60 175.04 176.50 177.95 179.41 180.87 182.33 183.78 185.22 186.66
126.63 126.84 127.06 127.29 127.53 127.78 128.04 128.31 128.59 128.88 129.19 129.51 129.84 130.19 130.55 130.93 131.33 131.74 132.17 132.62 133.08 133.57 134.08 134.61 135.16 135.74 136.33 136.96 137.60 138.27 138.97 139.69 140.44 141.22 142.02 142.85 143.71 144.60 145.52 146.46 147.44 148.44 149.47 150.53 151.62 152.73 153.88 155.05 156.25 157.47 158.72 159.99 161.28 162.60 163.94 165.29 166.67 168.06 169.47 170.89 172.33 173.77 175.23 176.69 178.15 179.61 181.08 182.54 184.00 185.45 186.90
126.59 126.80 127.02 127.25 127.49 127.74 128.00 128.27 128.55 128.85 129.15 129.47 129.81 130.16 130.52 130.90 131.30 131.71 132.14 132.59 133.06 133.55 134.06 134.59 135.15 135.72 136.32 136.95 137.59 138.27 138.97 139.69 140.44 141.22 142.03 142.87 143.73 144.62 145.54 146.49 147.47 148.48 149.51 150.57 151.67 152.79 153.94 155.11 156.31 157.54 158.79 160.07 161.37 162.69 164.04 165.40 166.78 168.18 169.59 171.02 172.46 173.91 175.37 176.84 178.31 179.78 181.25 182.72 184.19 185.64 187.09
126.54 126.76 126.98 127.21 127.45 127.70 127.96 128.23 128.51 128.81 129.11 129.43 129.77 130.12 130.48 130.86 131.26 131.68 132.11 132.56 133.03 133.52 134.03 134.57 135.12 135.70 136.30 136.93 137.58 138.25 138.96 139.68 140.44 141.22 142.03 142.87 143.73 144.63 145.55 146.50 147.49 148.50 149.53 150.60 151.70 152.82 153.97 155.15 156.36 157.59 158.85 160.13 161.43 162.76 164.11 165.48 166.86 168.27 169.69 171.12 172.56 174.02 175.48 176.95 178.43 179.91 181.38 182.86 184.33 185.79 187.24
