demo/demo_dem.asc
ncols 200
nrows 200
xllcorner 500000
yllcorner 5000000
cellsize 10
NODATA_value -9999
[rows 32 to 63 of 200, columns 71 to 141 of 200]
144.53 144.85 145.16 145.47 145.77 146.07 146.37 146.66 146.95 147.23 147.50 147.77 148.03 148.28 148.53 148.77 149.00 149.22 149.44 149.64 149.84 150.02 150.20 150.37 150.52 150.67 150.81 150.93 151.05 151.15 151.25 151.33 151.41 151.47 151.52 151.57 151.60 151.62 151.64 151.64 151.64 151.62 151.60 151.57 151.53 151.48 151.43 151.37 151.30 151.23 151.15 151.06 150.97 150.87 150.77 150.67 150.56 150.45 150.33 150.22 150.10 149.98 149.86 149.74 149.62 149.49 149.37 149.25 149.13 149.01 148.90
144.99 145.32 145.64 145.96 146.27 146.59 146.89 147.20 147.49 147.78 148.07 148.34 148.61 148.88 149.13 149.38 149.62 149.85 150.07 150.28 150.48 150.67 150.85 151.02 151.18 151.33 151.47 151.60 151.71 151.82 151.91 152.00 152.07 152.13 152.18 152.22 152.25 152.27 152.28 152.28 152.27 152.25 152.22 152.18 152.13 152.08 152.01 151.94 151.87 151.78 151.69 151.60 151.49 151.39 151.27 151.16 151.04 150.92 150.79 150.66 150.53 150.40 150.27 150.13 150.00 149.87 149.73 149.60 149.47 149.34 149.21
145.47 145.81 146.14 146.47 146.80 147.12 147.44 147.75 148.06 148.36 148.66 148.94 149.22 149.50 149.76 150.01 150.26 150.50 150.72 150.94 151.15 151.34 151.53 151.70 151.87 152.02 152.16 152.29 152.41 152.51 152.61 152.69 152.76 152.82 152.87 152.90 152.93 152.94 152.95 152.94 152.92 152.90 152.86 152.81 152.76 152.70 152.62 152.54 152.46 152.36 152.26 152.15 152.04 151.92 151.80 151.67 151.54 151.41 151.27 151.13 150.98 150.84 150.69 150.55 150.40 150.25 150.11 149.96 149.82 149.67 149.53
145.96 146.32 146.66 147.01 147.35 147.68 148.01 148.34 148.66 148.97 149.27 149.57 149.86 150.14 150.41 150.68 150.93 151.17 151.41 151.63 151.84 152.04 152.23 152.41 152.58 152.73 152.88 153.01 153.13 153.23 153.33 153.41 153.48 153.53 153.58 153.61 153.63 153.64 153.64 153.63 153.61 153.57 153.53 153.48 153.41 153.34 153.26 153.17 153.07 152.97 152.86 152.74 152.61 152.48 152.35 152.21 152.06 151.92 151.76 151.61 151.45 151.30 151.14 150.98 150.82 150.66 150.50 150.34 150.18 150.02 149.87
146.48 146.85 147.21 147.56 147.92 148.26 148.61 148.94 149.27 149.60 149.91 150.22 150.52 150.81 151.09 151.36 151.63 151.88 152.12 152.35 152.57 152.77 152.97 153.15 153.32 153.48 153.62 153.76 153.88 153.98 154.08 154.16 154.22 154.28 154.32 154.35 154.37 154.37 154.37 154.35 154.32 154.28 154.23 154.16 154.09 154.01 153.92 153.82 153.71 153.60 153.47 153.34 153.21 153.06 152.92 152.76 152.61 152.45 152.28 152.11 151.95 151.77 151.60 151.43 151.25 151.08 150.90 150.73 150.56 150.39 150.22
147.02 147.40 147.77 148.14 148.51 148.87 149.23 149.57 149.92 150.25 150.58 150.90 151.21 151.51 151.80 152.08 152.35 152.61 152.86 153.09 153.32 153.53 153.73 153.92 154.09 154.25 154.40 154.53 154.65 154.76 154.85 154.93 155.00 155.05 155.09 155.12 155.13 155.13 155.12 155.09 155.06 155.01 154.95 154.88 154.80 154.71 154.61 154.50 154.38 154.25 154.12 153.97 153.83 153.67 153.51 153.34 153.17 153.00 152.82 152.64 152.45 152.27 152.08 151.89 151.71 151.52 151.33 151.14 150.96 150.77 150.59
147.58 147.97 148.36 148.74 149.12 149.50 149.87 150.23 150.58 150.93 151.27 151.60 151.92 152.23 152.53 152.82 153.10 153.37 153.62 153.87 154.10 154.32 154.52 154.71 154.89 155.05 155.20 155.34 155.46 155.57 155.66 155.74 155.80 155.85 155.89 155.91 155.92 155.92 155.90 155.87 155.82 155.77 155.70 155.62 155.53 155.43 155.32 155.20 155.07 154.93 154.78 154.63 154.47 154.30 154.12 153.94 153.76 153.57 153.38 153.18 152.98 152.78 152.58 152.38 152.18 151.97 151.77 151.57 151.37 151.17 150.97
148.16 148.56 148.97 149.37 149.76 150.15 150.53 150.91 151.27 151.63 151.98 152.33 152.66 152.98 153.29 153.59 153.88 154.15 154.42 154.67 154.91 155.13 155.34 155.54 155.72 155.89 156.04 156.18 156.30 156.41 156.50 156.58 156.64 156.69 156.72 156.74 156.74 156.73 156.71 156.67 156.62 156.55 156.48 156.39 156.29 156.18 156.06 155.93 155.78 155.63 155.47 155.31 155.13 154.95 154.76 154.57 154.37 154.16 153.96 153.75 153.53 153.32 153.10 152.88 152.66 152.44 152.23 152.01 151.79 151.58 151.37
148.76 149.18 149.60 150.01 150.42 150.82 151.22 151.61 151.99 152.36 152.72 153.08 153.42 153.75 154.08 154.39 154.68 154.97 155.24 155.50 155.74 155.97 156.19 156.39 156.58 156.75 156.90 157.04 157.16 157.27 157.36 157.44 157.50 157.55 157.58 157.59 157.59 157.57 157.54 157.50 157.44 157.37 157.28 157.19 157.08 156.95 156.82 156.68 156.52 156.36 156.19 156.01 155.82 155.62 155.42 155.21 155.00 154.78 154.56 154.33 154.10 153.87 153.64 153.40 153.17 152.93 152.70 152.47 152.24 152.01 151.78
149.38 149.82 150.25 150.68 151.10 151.52 151.93 152.33 152.73 153.11 153.49 153.86 154.21 154.56 154.89 155.21 155.52 155.81 156.09 156.36 156.61 156.84 157.07 157.27 157.46 157.63 157.79 157.93 158.06 158.17 158.26 158.33 158.39 158.43 158.46 158.47 158.47 158.44 158.41 158.36 158.29 158.21 158.12 158.01 157.89 157.76 157.61 157.46 157.29 157.11 156.93 156.73 156.53 156.32 156.10 155.88 155.65 155.42 155.18 154.94 154.69 154.44 154.19 153.94 153.69 153.44 153.19 152.94 152.69 152.45 152.20
150.02 150.47 150.92 151.37 151.81 152.24 152.67 153.08 153.49 153.89 154.28 154.66 155.03 155.38 155.73 156.06 156.37 156.68 156.97 157.24 157.50 157.74 157.97 158.18 158.37 158.55 158.71 158.86 158.98 159.09 159.18 159.26 159.31 159.35 159.37 159.38 159.37 159.34 159.30 159.24 159.17 159.08 158.97 158.86 158.73 158.58 158.43 158.26 158.08 157.89 157.69 157.48 157.27 157.04 156.81 156.57 156.32 156.07 155.82 155.56 155.30 155.03 154.77 154.50 154.23 153.96 153.70 153.43 153.17 152.90 152.65
150.68 151.15 151.62 152.08 152.53 152.98 153.42 153.86 154.28 154.69 155.10 155.49 155.87 156.24 156.59 156.93 157.26 157.57 157.87 158.15 158.42 158.67 158.90 159.12 159.32 159.50 159.66 159.81 159.93 160.04 160.13 160.21 160.26 160.30 160.32 160.32 160.30 160.27 160.22 160.15 160.07 159.97 159.86 159.73 159.59 159.44 159.27 159.09 158.90 158.69 158.48 158.26 158.02 157.78 157.53 157.28 157.02 156.75 156.48 156.20 155.93 155.64 155.36 155.08 154.79 154.51 154.22 153.94 153.66 153.38 153.10
151.36 151.85 152.33 152.81 153.28 153.75 154.20 154.65 155.09 155.52 155.94 156.34 156.73 157.11 157.48 157.83 158.17 158.50 158.80 159.09 159.37 159.62 159.86 160.08 160.29 160.47 160.64 160.79 160.91 161.02 161.11 161.19 161.24 161.27 161.29 161.28 161.26 161.22 161.17 161.09 161.00 160.90 160.77 160.63 160.48 160.31 160.13 159.94 159.74 159.52 159.29 159.05 158.80 158.55 158.28 158.01 157.73 157.45 157.16 156.87 156.57 156.27 155.97 155.67 155.37 155.06 154.76 154.46 154.16 153.86 153.57
152.06 152.57 153.07 153.57 154.05 154.53 155.01 155.47 155.92 156.37 156.80 157.22 157.63 158.02 158.40 158.76 159.11 159.44 159.76 160.06 160.34 160.61 160.85 161.08 161.29 161.47 161.64 161.79 161.92 162.03 162.12 162.19 162.24 162.27 162.29 162.28 162.25 162.21 162.14 162.06 161.96 161.84 161.71 161.56 161.40 161.22 161.03 160.82 160.60 160.37 160.12 159.87 159.61 159.33 159.05 158.77 158.47 158.17 157.86 157.55 157.24 156.92 156.60 156.28 155.96 155.64 155.32 155.00 154.68 154.36 154.05
152.78 153.31 153.83 154.34 154.85 155.34 155.83 156.31 156.78 157.24 157.69 158.12 158.54 158.95 159.34 159.71 160.07 160.42 160.74 161.05 161.34 161.61 161.87 162.10 162.31 162.50 162.68 162.83 162.96 163.07 163.16 163.23 163.28 163.30 163.31 163.30 163.27 163.21 163.14 163.05 162.94 162.82 162.67 162.51 162.34 162.15 161.94 161.72 161.49 161.24 160.98 160.71 160.43 160.14 159.85 159.54 159.23 158.91 158.58 158.25 157.92 157.59 157.25 156.91 156.57 156.23 155.89 155.55 155.21 154.88 154.55
153.52 154.07 154.60 155.13 155.66 156.17 156.68 157.18 157.66 158.14 158.60 159.05 159.48 159.90 160.30 160.69 161.06 161.42 161.75 162.07 162.37 162.65 162.91 163.15 163.36 163.56 163.73 163.89 164.02 164.13 164.22 164.29 164.33 164.36 164.36 164.35 164.31 164.25 164.17 164.07 163.95 163.82 163.66 163.49 163.30 163.10 162.88 162.65 162.40 162.14 161.86 161.58 161.28 160.97 160.66 160.33 160.00 159.67 159.32 158.98 158.62 158.27 157.91 157.55 157.19 156.83 156.47 156.12 155.76 155.41 155.06
154.28 154.84 155.40 155.95 156.49 157.02 157.55 158.06 158.56 159.05 159.53 159.99 160.44 160.88 161.29 161.69 162.08 162.44 162.79 163.11 163.42 163.71 163.97 164.22 164.44 164.64 164.82 164.98 165.11 165.22 165.31 165.38 165.42 165.44 165.44 165.42 165.37 165.31 165.22 165.11 164.99 164.84 164.68 164.49 164.29 164.08 163.84 163.59 163.33 163.05 162.76 162.46 162.15 161.82 161.49 161.15 160.80 160.44 160.08 159.71 159.34 158.97 158.59 158.21 157.83 157.45 157.08 156.70 156.32 155.95 155.58
155.06 155.64 156.21 156.78 157.34 157.89 158.44 158.97 159.49 159.99 160.49 160.96 161.43 161.87 162.31 162.72 163.11 163.49 163.85 164.18 164.50 164.79 165.06 165.32 165.54 165.75 165.93 166.09 166.22 166.34 166.42 166.49 166.53 166.55 166.54 166.52 166.46 166.39 166.30 166.18 166.05 165.89 165.71 165.52 165.31 165.07 164.83 164.56 164.29 163.99 163.69 163.37 163.04 162.69 162.34 161.98 161.61 161.24 160.86 160.47 160.08 159.69 159.29 158.89 158.49 158.09 157.69 157.29 156.90 156.51 156.12
155.85 156.45 157.05 157.64 158.21 158.78 159.34 159.89 160.43 160.95 161.46 161.96 162.43 162.90 163.34 163.77 164.17 164.56 164.93 165.27 165.60 165.90 166.18 166.44 166.67 166.88 167.06 167.23 167.36 167.47 167.56 167.63 167.66 167.68 167.67 167.64 167.58 167.50 167.40 167.27 167.13 166.96 166.77 166.57 166.34 166.10 165.83 165.56 165.26 164.95 164.63 164.29 163.94 163.58 163.21 162.84 162.45 162.05 161.65 161.24 160.83 160.42 160.00 159.58 159.16 158.74 158.32 157.90 157.49 157.08 156.67
156.66 157.28 157.90 158.51 159.10 159.69 160.27 160.84 161.39 161.93 162.46 162.97 163.46 163.94 164.40 164.84 165.26 165.65 166.03 166.39 166.72 167.03 167.32 167.58 167.82 168.03 168.22 168.39 168.52 168.64 168.72 168.79 168.82 168.83 168.82 168.78 168.72 168.63 168.52 168.39 168.23 168.05 167.86 167.64 167.40 167.14 166.86 166.57 166.26 165.93 165.59 165.24 164.87 164.49 164.10 163.71 163.30 162.88 162.46 162.03 161.60 161.17 160.73 160.29 159.85 159.41 158.96 158.53 158.09 157.66 157.23
157.49 158.13 158.77 159.39 160.01 160.62 161.22 161.80 162.37 162.93 163.47 164.00 164.51 165.00 165.47 165.93 166.36 166.77 167.16 167.52 167.87 168.19 168.48 168.75 168.99 169.21 169.40 169.57 169.71 169.82 169.91 169.97 170.00 170.01 169.99 169.95 169.88 169.79 169.67 169.52 169.36 169.17 168.96 168.73 168.47 168.20 167.91 167.60 167.27 166.93 166.57 166.20 165.82 165.42 165.01 164.59 164.17 163.73 163.29 162.84 162.39 161.93 161.47 161.01 160.55 160.08 159.62 159.16 158.70 158.25 157.80
158.33 158.99 159.65 160.30 160.93 161.56 162.18 162.78 163.37 163.95 164.51 165.05 165.58 166.08 166.57 167.04 167.48 167.90 168.30 168.68 169.03 169.36 169.66 169.94 170.19 170.41 170.61 170.77 170.92 171.03 171.12 171.17 171.21 171.21 171.19 171.14 171.06 170.96 170.83 170.68 170.50 170.30 170.08 169.84 169.57 169.28 168.98 168.65 168.31 167.95 167.57 167.18 166.78 166.36 165.93 165.50 165.05 164.59 164.13 163.66 163.19 162.71 162.23 161.74 161.26 160.77 160.29 159.81 159.33 158.85 158.38
159.18 159.87 160.55 161.21 161.87 162.52 163.16 163.78 164.39 164.98 165.56 166.12 166.66 167.18 167.68 168.16 168.62 169.06 169.47 169.86 170.22 170.55 170.86 171.14 171.40 171.63 171.83 172.00 172.14 172.26 172.34 172.40 172.43 172.43 172.40 172.34 172.26 172.15 172.02 171.86 171.67 171.46 171.22 170.96 170.68 170.38 170.06 169.72 169.36 168.98 168.59 168.18 167.76 167.32 166.87 166.41 165.95 165.47 164.98 164.49 164.00 163.50 162.99 162.49 161.98 161.48 160.97 160.47 159.97 159.47 158.98
160.05 160.76 161.46 162.15 162.83 163.49 164.15 164.79 165.42 166.03 166.63 167.20 167.76 168.30 168.81 169.31 169.78 170.23 170.65 171.05 171.42 171.76 172.08 172.37 172.63 172.86 173.07 173.24 173.39 173.50 173.59 173.64 173.67 173.66 173.63 173.57 173.48 173.36 173.22 173.05 172.85 172.63 172.38 172.11 171.81 171.50 171.16 170.80 170.43 170.03 169.62 169.19 168.75 168.29 167.83 167.35 166.86 166.36 165.85 165.34 164.82 164.30 163.77 163.25 162.72 162.19 161.66 161.13 160.61 160.09 159.58
160.93 161.66 162.38 163.09 163.79 164.48 165.16 165.82 166.47 167.10 167.71 168.30 168.88 169.43 169.96 170.47 170.96 171.42 171.85 172.26 172.64 172.99 173.32 173.61 173.88 174.12 174.32 174.50 174.65 174.76 174.85 174.90 174.92 174.92 174.88 174.81 174.72 174.59 174.44 174.26 174.05 173.82 173.56 173.27 172.96 172.63 172.28 171.90 171.51 171.10 170.67 170.22 169.76 169.28 168.79 168.29 167.78 167.26 166.73 166.20 165.66 165.11 164.57 164.01 163.46 162.91 162.36 161.81 161.27 160.73 160.19
161.83 162.58 163.32 164.05 164.77 165.48 166.18 166.86 167.53 168.17 168.81 169.42 170.01 170.58 171.12 171.65 172.14 172.62 173.06 173.48 173.87 174.24 174.57 174.87 175.14 175.39 175.60 175.78 175.92 176.04 176.12 176.18 176.20 176.19 176.14 176.07 175.97 175.84 175.67 175.48 175.26 175.02 174.74 174.45 174.12 173.78 173.41 173.02 172.61 172.17 171.73 171.26 170.78 170.28 169.77 169.25 168.72 168.18 167.63 167.07 166.51 165.94 165.37 164.79 164.22 163.64 163.07 162.50 161.93 161.37 160.81
162.73 163.50 164.26 165.02 165.76 166.49 167.21 167.91 168.60 169.26 169.91 170.54 171.15 171.74 172.30 172.83 173.35 173.83 174.29 174.72 175.12 175.49 175.83 176.14 176.42 176.67 176.88 177.07 177.22 177.33 177.42 177.47 177.48 177.47 177.42 177.34 177.23 177.09 176.92 176.72 176.49 176.23 175.95 175.63 175.30 174.94 174.55 174.14 173.71 173.26 172.80 172.31 171.81 171.29 170.76 170.22 169.66 169.10 168.53 167.95 167.36 166.77 166.18 165.58 164.98 164.38 163.79 163.19 162.60 162.01 161.43
163.64 164.43 165.22 166.00 166.76 167.51 168.25 168.97 169.68 170.36 171.03 171.68 172.30 172.91 173.48 174.03 174.56 175.06 175.53 175.97 176.38 176.76 177.11 177.43 177.71 177.96 178.18 178.37 178.52 178.64 178.72 178.77 178.78 178.76 178.71 178.63 178.51 178.36 178.18 177.97 177.73 177.46 177.16 176.83 176.48 176.11 175.70 175.28 174.83 174.36 173.88 173.37 172.85 172.31 171.76 171.20 170.62 170.03 169.44 168.84 168.23 167.61 166.99 166.37 165.75 165.13 164.51 163.89 163.28 162.67 162.06
164.56 165.37 166.18 166.98 167.77 168.54 169.30 170.04 170.77 171.47 172.16 172.82 173.47 174.08 174.68 175.24 175.78 176.30 176.78 177.23 177.65 178.04 178.40 178.72 179.01 179.27 179.49 179.68 179.83 179.95 180.03 180.08 180.09 180.07 180.01 179.92 179.80 179.64 179.45 179.23 178.98 178.70 178.38 178.04 177.68 177.28 176.87 176.42 175.96 175.47 174.97 174.44 173.90 173.34 172.77 172.18 171.58 170.97 170.36 169.73 169.10 168.46 167.82 167.18 166.53 165.89 165.24 164.60 163.96 163.33 162.70
165.48 166.32 167.15 167.97 168.78 169.58 170.36 171.12 171.86 172.59 173.29 173.98 174.64 175.27 175.88 176.46 177.02 177.54 178.04 178.50 178.93 179.33 179.69 180.03 180.32 180.58 180.81 181.00 181.16 181.27 181.36 181.40 181.41 181.38 181.32 181.23 181.09 180.93 180.73 180.50 180.24 179.94 179.62 179.26 178.88 178.47 178.04 177.58 177.09 176.59 176.06 175.52 174.96 174.38 173.78 173.17 172.55 171.92 171.28 170.63 169.98 169.31 168.65 167.98 167.31 166.65 165.98 165.31 164.65 163.99 163.34
166.41 167.27 168.13 168.97 169.80 170.62 171.42 172.20 172.97 173.71 174.43 175.14 175.81 176.46 177.09 177.69 178.25 178.79 179.30 179.77 180.21 180.62 181.00 181.34 181.64 181.90 182.13 182.33 182.48 182.60 182.68 182.73 182.73 182.70 182.64 182.54 182.40 182.22 182.01 181.77 181.50 181.19 180.85 180.49 180.09 179.66 179.21 178.74 178.23 177.71 177.17 176.60 176.02 175.42 174.80 174.17 173.53 172.87 172.21 171.54 170.86 170.17 169.48 168.79 168.10 167.41 166.72 166.03 165.34 164.66 163.99
167.34 168.23 169.11 169.97 170.82 171.66 172.48 173.29 174.07 174.84 175.58 176.30 176.99 177.66 178.30 178.91 179.49 180.05 180.57 181.05 181.50 181.92 182.30 182.65 182.96 183.23 183.46 183.66 183.82 183.94 184.02 184.06 184.06 184.03 183.96 183.85 183.70 183.52 183.30 183.05 182.77 182.45 182.09 181.71 181.30 180.86 180.39 179.90 179.38 178.84 178.27 177.69 177.08 176.46 175.82 175.17 174.51 173.83 173.14 172.45 171.74 171.03 170.32 169.61 168.89 168.17 167.46 166.75 166.04 165.33 164.63
