demo/demo_dem.asc
ncols 200
nrows 200
xllcorner 500000
yllcorner 5000000
cellsize 10
NODATA_value -9999
[rows 32 to 63 of 200, columns 0 to 70 of 200]
128.57 128.68 128.80 128.93 129.05 129.17 129.30 129.43 129.55 129.69 129.82 129.95 130.09 130.23 130.38 130.52 130.67 130.82 130.97 131.13 131.29 131.45 131.62 131.79 131.96 132.14 132.32 132.50 132.69 132.89 133.08 133.28 133.49 133.70 133.91 134.13 134.36 134.58 134.82 135.05 135.30 135.54 135.79 136.05 136.31 136.58 136.84 137.12 137.40 137.68 137.97 138.26 138.55 138.85 139.15 139.45 139.76 140.07 140.38 140.70 141.01 141.33 141.65 141.97 142.29 142.62 142.94 143.26 143.58 143.90 144.22
128.53 128.65 128.77 128.89 129.01 129.14 129.27 129.40 129.53 129.66 129.80 129.93 130.07 130.22 130.36 130.51 130.66 130.81 130.97 131.13 131.29 131.46 131.63 131.80 131.98 132.16 132.35 132.54 132.73 132.93 133.13 133.34 133.55 133.76 133.98 134.21 134.44 134.68 134.92 135.16 135.41 135.66 135.92 136.19 136.46 136.73 137.01 137.30 137.58 137.88 138.17 138.47 138.78 139.09 139.40 139.72 140.03 140.36 140.68 141.01 141.34 141.67 142.00 142.33 142.67 143.00 143.33 143.67 144.00 144.33 144.66
128.49 128.61 128.73 128.86 128.98 129.11 129.24 129.37 129.50 129.64 129.77 129.91 130.05 130.20 130.35 130.50 130.65 130.81 130.97 131.13 131.30 131.47 131.64 131.82 132.00 132.19 132.38 132.57 132.77 132.97 133.18 133.39 133.61 133.83 134.06 134.29 134.53 134.77 135.02 135.27 135.53 135.79 136.06 136.34 136.62 136.90 137.19 137.48 137.78 138.08 138.39 138.70 139.02 139.34 139.66 139.99 140.32 140.65 140.99 141.33 141.67 142.02 142.36 142.71 143.05 143.40 143.75 144.09 144.44 144.78 145.13
128.45 128.58 128.70 128.82 128.95 129.08 129.21 129.34 129.47 129.61 129.75 129.89 130.04 130.18 130.33 130.49 130.64 130.80 130.97 131.13 131.30 131.48 131.65 131.84 132.02 132.21 132.41 132.61 132.81 133.02 133.23 133.45 133.68 133.91 134.14 134.38 134.62 134.87 135.13 135.39 135.66 135.93 136.21 136.49 136.78 137.07 137.37 137.68 137.99 138.30 138.62 138.94 139.27 139.60 139.94 140.28 140.62 140.97 141.32 141.67 142.02 142.38 142.74 143.10 143.46 143.82 144.18 144.54 144.90 145.25 145.61
128.42 128.54 128.66 128.79 128.92 129.05 129.18 129.31 129.45 129.59 129.73 129.87 130.02 130.17 130.32 130.48 130.64 130.80 130.97 131.14 131.31 131.49 131.67 131.86 132.05 132.24 132.44 132.65 132.86 133.07 133.29 133.52 133.75 133.98 134.23 134.47 134.72 134.98 135.25 135.52 135.79 136.07 136.36 136.65 136.95 137.26 137.57 137.88 138.20 138.53 138.86 139.19 139.53 139.88 140.22 140.58 140.93 141.29 141.66 142.02 142.39 142.76 143.13 143.50 143.88 144.25 144.63 145.00 145.37 145.75 146.11
128.38 128.51 128.63 128.76 128.89 129.02 129.15 129.29 129.43 129.57 129.71 129.86 130.01 130.16 130.31 130.47 130.64 130.80 130.97 131.14 131.32 131.50 131.69 131.88 132.08 132.28 132.48 132.69 132.91 133.13 133.35 133.59 133.82 134.07 134.32 134.57 134.83 135.10 135.37 135.65 135.93 136.22 136.52 136.82 137.13 137.45 137.77 138.09 138.43 138.76 139.11 139.45 139.81 140.16 140.52 140.89 141.26 141.63 142.01 142.39 142.77 143.16 143.54 143.93 144.32 144.71 145.09 145.48 145.87 146.25 146.64
128.35 128.47 128.60 128.73 128.86 128.99 129.13 129.26 129.40 129.55 129.69 129.84 129.99 130.15 130.31 130.47 130.63 130.80 130.98 131.15 131.34 131.52 131.71 131.91 132.11 132.31 132.52 132.74 132.96 133.19 133.42 133.66 133.90 134.15 134.41 134.67 134.94 135.22 135.50 135.79 136.08 136.38 136.69 137.00 137.32 137.65 137.98 138.32 138.66 139.01 139.36 139.72 140.09 140.46 140.84 141.22 141.60 141.99 142.38 142.77 143.17 143.57 143.97 144.37 144.77 145.18 145.58 145.98 146.38 146.78 147.18
128.31 128.44 128.57 128.70 128.83 128.96 129.10 129.24 129.38 129.53 129.67 129.83 129.98 130.14 130.30 130.46 130.63 130.81 130.98 131.16 131.35 131.54 131.74 131.94 132.14 132.35 132.57 132.79 133.02 133.25 133.49 133.74 133.99 134.25 134.51 134.78 135.06 135.34 135.63 135.93 136.23 136.55 136.86 137.19 137.52 137.85 138.20 138.55 138.90 139.27 139.63 140.01 140.39 140.77 141.16 141.55 141.95 142.35 142.76 143.17 143.58 143.99 144.41 144.83 145.24 145.66 146.08 146.50 146.92 147.33 147.75
128.28 128.40 128.53 128.67 128.80 128.94 129.07 129.22 129.36 129.51 129.66 129.81 129.97 130.13 130.29 130.46 130.63 130.81 130.99 131.18 131.37 131.56 131.76 131.97 132.18 132.40 132.62 132.84 133.08 133.32 133.56 133.82 134.08 134.34 134.61 134.89 135.18 135.47 135.77 136.08 136.40 136.72 137.04 137.38 137.72 138.07 138.43 138.79 139.16 139.53 139.91 140.30 140.69 141.09 141.50 141.90 142.32 142.73 143.15 143.58 144.01 144.44 144.87 145.30 145.73 146.17 146.60 147.04 147.47 147.90 148.33
128.24 128.37 128.50 128.64 128.77 128.91 129.05 129.19 129.34 129.49 129.64 129.80 129.96 130.12 130.29 130.46 130.64 130.82 131.00 131.19 131.39 131.59 131.79 132.00 132.22 132.44 132.67 132.90 133.14 133.39 133.64 133.90 134.17 134.44 134.72 135.01 135.31 135.61 135.92 136.24 136.56 136.89 137.23 137.58 137.93 138.30 138.66 139.04 139.42 139.81 140.20 140.61 141.01 141.43 141.84 142.27 142.70 143.13 143.56 144.00 144.45 144.89 145.34 145.79 146.24 146.69 147.14 147.59 148.04 148.49 148.94
128.21 128.34 128.47 128.61 128.74 128.88 129.03 129.17 129.32 129.47 129.63 129.79 129.95 130.12 130.29 130.46 130.64 130.83 131.02 131.21 131.41 131.61 131.82 132.04 132.26 132.49 132.72 132.96 133.21 133.46 133.72 133.99 134.27 134.55 134.84 135.14 135.44 135.75 136.07 136.40 136.74 137.08 137.43 137.79 138.16 138.53 138.91 139.30 139.69 140.10 140.51 140.92 141.34 141.77 142.21 142.64 143.09 143.54 143.99 144.45 144.90 145.37 145.83 146.30 146.76 147.23 147.70 148.17 148.63 149.10 149.56
128.18 128.31 128.44 128.58 128.72 128.86 129.00 129.15 129.30 129.46 129.62 129.78 129.94 130.11 130.29 130.47 130.65 130.84 131.03 131.23 131.43 131.64 131.86 132.08 132.31 132.54 132.78 133.03 133.28 133.54 133.81 134.09 134.37 134.66 134.96 135.27 135.58 135.90 136.23 136.57 136.92 137.27 137.63 138.01 138.38 138.77 139.17 139.57 139.98 140.39 140.82 141.25 141.69 142.13 142.58 143.03 143.49 143.96 144.43 144.90 145.38 145.86 146.34 146.82 147.31 147.79 148.28 148.76 149.24 149.73 150.20
128.14 128.28 128.41 128.55 128.69 128.83 128.98 129.13 129.29 129.44 129.60 129.77 129.94 130.11 130.29 130.47 130.66 130.85 131.05 131.25 131.46 131.67 131.89 132.12 132.35 132.59 132.84 133.09 133.36 133.62 133.90 134.18 134.48 134.78 135.08 135.40 135.72 136.06 136.40 136.75 137.10 137.47 137.85 138.23 138.62 139.02 139.43 139.84 140.27 140.70 141.14 141.58 142.04 142.50 142.96 143.43 143.91 144.39 144.88 145.37 145.86 146.36 146.86 147.36 147.86 148.37 148.87 149.37 149.87 150.37 150.87
128.11 128.25 128.38 128.52 128.67 128.81 128.96 129.11 129.27 129.43 129.59 129.76 129.93 130.11 130.29 130.47 130.67 130.86 131.06 131.27 131.49 131.70 131.93 132.16 132.40 132.65 132.90 133.16 133.43 133.71 133.99 134.29 134.59 134.89 135.21 135.54 135.87 136.22 136.57 136.93 137.30 137.68 138.06 138.46 138.87 139.28 139.70 140.13 140.57 141.02 141.47 141.93 142.40 142.88 143.36 143.85 144.34 144.84 145.34 145.85 146.36 146.88 147.40 147.92 148.44 148.96 149.48 150.00 150.52 151.04 151.55
128.08 128.22 128.35 128.50 128.64 128.79 128.94 129.09 129.25 129.42 129.58 129.75 129.93 130.11 130.29 130.48 130.68 130.88 131.08 131.30 131.51 131.74 131.97 132.21 132.46 132.71 132.97 133.24 133.51 133.80 134.09 134.39 134.70 135.02 135.35 135.68 136.03 136.38 136.74 137.12 137.50 137.89 138.29 138.70 139.12 139.54 139.98 140.43 140.88 141.34 141.81 142.29 142.78 143.27 143.77 144.27 144.78 145.30 145.82 146.35 146.88 147.41 147.95 148.49 149.03 149.57 150.11 150.65 151.19 151.72 152.25
128.05 128.19 128.33 128.47 128.62 128.77 128.92 129.08 129.24 129.40 129.57 129.75 129.92 130.11 130.30 130.49 130.69 130.89 131.11 131.32 131.55 131.78 132.01 132.26 132.51 132.77 133.04 133.31 133.60 133.89 134.19 134.50 134.82 135.15 135.48 135.83 136.19 136.55 136.93 137.31 137.70 138.11 138.52 138.94 139.38 139.82 140.27 140.73 141.20 141.68 142.16 142.66 143.16 143.67 144.19 144.71 145.24 145.77 146.31 146.86 147.41 147.96 148.52 149.07 149.63 150.19 150.75 151.31 151.87 152.42 152.98
128.02 128.16 128.30 128.44 128.59 128.75 128.90 129.06 129.22 129.39 129.56 129.74 129.92 130.11 130.30 130.50 130.70 130.91 131.13 131.35 131.58 131.82 132.06 132.31 132.57 132.84 133.11 133.39 133.69 133.99 134.29 134.61 134.94 135.28 135.63 135.98 136.35 136.73 137.11 137.51 137.92 138.33 138.76 139.20 139.64 140.10 140.57 141.04 141.53 142.02 142.52 143.04 143.55 144.08 144.62 145.16 145.71 146.26 146.82 147.38 147.95 148.52 149.10 149.68 150.25 150.83 151.41 151.99 152.57 153.14 153.71
127.99 128.13 128.27 128.42 128.57 128.72 128.88 129.04 129.21 129.38 129.56 129.74 129.92 130.11 130.31 130.51 130.72 130.93 131.15 131.38 131.62 131.86 132.11 132.36 132.63 132.90 133.18 133.48 133.78 134.08 134.40 134.73 135.07 135.42 135.77 136.14 136.52 136.91 137.31 137.71 138.13 138.56 139.00 139.46 139.92 140.39 140.87 141.36 141.86 142.37 142.89 143.42 143.96 144.50 145.06 145.62 146.18 146.76 147.34 147.92 148.51 149.10 149.69 150.29 150.89 151.49 152.09 152.69 153.29 153.88 154.47
127.96 128.10 128.25 128.40 128.55 128.70 128.87 129.03 129.20 129.37 129.55 129.73 129.92 130.12 130.32 130.52 130.74 130.95 131.18 131.41 131.65 131.90 132.16 132.42 132.69 132.97 133.26 133.56 133.87 134.19 134.51 134.85 135.20 135.56 135.92 136.30 136.69 137.09 137.50 137.92 138.36 138.80 139.26 139.72 140.20 140.68 141.18 141.69 142.21 142.74 143.27 143.82 144.37 144.94 145.51 146.09 146.67 147.27 147.86 148.47 149.08 149.69 150.30 150.92 151.54 152.16 152.78 153.40 154.02 154.63 155.24
127.93 128.07 128.22 128.37 128.53 128.69 128.85 129.02 129.19 129.36 129.55 129.73 129.92 130.12 130.33 130.54 130.75 130.98 131.21 131.45 131.69 131.95 132.21 132.48 132.76 133.04 133.34 133.65 133.96 134.29 134.63 134.97 135.33 135.70 136.08 136.47 136.87 137.28 137.71 138.14 138.59 139.04 139.51 139.99 140.49 140.99 141.50 142.03 142.56 143.10 143.66 144.22 144.80 145.38 145.97 146.57 147.17 147.79 148.40 149.03 149.66 150.29 150.93 151.56 152.21 152.85 153.49 154.13 154.77 155.40 156.03
127.90 128.04 128.19 128.35 128.50 128.67 128.83 129.00 129.18 129.36 129.54 129.73 129.93 130.13 130.34 130.55 130.77 131.00 131.24 131.48 131.73 131.99 132.26 132.54 132.82 133.12 133.42 133.74 134.06 134.40 134.74 135.10 135.47 135.85 136.24 136.64 137.05 137.48 137.91 138.36 138.82 139.29 139.78 140.27 140.78 141.30 141.83 142.37 142.92 143.48 144.05 144.64 145.23 145.83 146.44 147.06 147.68 148.32 148.96 149.60 150.25 150.90 151.56 152.22 152.88 153.55 154.21 154.87 155.53 156.19 156.84
127.87 128.02 128.17 128.32 128.48 128.65 128.82 128.99 129.17 129.35 129.54 129.73 129.93 130.14 130.35 130.57 130.79 131.03 131.27 131.52 131.77 132.04 132.32 132.60 132.89 133.20 133.51 133.83 134.17 134.51 134.86 135.23 135.61 136.00 136.40 136.81 137.24 137.67 138.12 138.59 139.06 139.55 140.04 140.56 141.08 141.61 142.16 142.72 143.29 143.87 144.46 145.06 145.67 146.29 146.92 147.56 148.20 148.86 149.52 150.18 150.85 151.53 152.21 152.89 153.57 154.26 154.94 155.63 156.31 156.99 157.66
127.84 127.99 128.14 128.30 128.46 128.63 128.80 128.98 129.16 129.34 129.53 129.73 129.93 130.14 130.36 130.58 130.82 131.05 131.30 131.55 131.82 132.09 132.37 132.66 132.96 133.27 133.59 133.93 134.27 134.62 134.99 135.36 135.75 136.15 136.57 136.99 137.43 137.88 138.34 138.82 139.30 139.80 140.32 140.84 141.38 141.93 142.50 143.07 143.66 144.26 144.87 145.49 146.12 146.76 147.41 148.07 148.73 149.41 150.09 150.78 151.47 152.17 152.87 153.57 154.28 154.98 155.69 156.39 157.10 157.80 158.49
127.81 127.96 128.12 128.28 128.44 128.61 128.79 128.96 129.15 129.34 129.53 129.73 129.94 130.15 130.37 130.60 130.84 131.08 131.33 131.59 131.86 132.14 132.43 132.73 133.04 133.35 133.68 134.02 134.37 134.74 135.11 135.50 135.90 136.31 136.73 137.17 137.62 138.08 138.56 139.05 139.55 140.07 140.60 141.14 141.69 142.26 142.84 143.43 144.04 144.66 145.28 145.92 146.57 147.23 147.90 148.58 149.27 149.97 150.67 151.38 152.09 152.81 153.53 154.26 154.99 155.72 156.45 157.17 157.90 158.62 159.34
127.78 127.94 128.10 128.26 128.42 128.60 128.77 128.95 129.14 129.33 129.53 129.73 129.94 130.16 130.39 130.62 130.86 131.11 131.37 131.63 131.91 132.19 132.49 132.79 133.11 133.44 133.77 134.12 134.48 134.86 135.24 135.64 136.05 136.47 136.91 137.35 137.82 138.29 138.78 139.29 139.80 140.33 140.88 141.44 142.01 142.59 143.19 143.80 144.42 145.06 145.71 146.37 147.04 147.72 148.41 149.11 149.82 150.53 151.26 151.99 152.73 153.47 154.21 154.96 155.71 156.46 157.21 157.97 158.71 159.46 160.20
127.76 127.91 128.07 128.24 128.41 128.58 128.76 128.94 129.13 129.33 129.53 129.74 129.95 130.17 130.40 130.64 130.89 131.14 131.40 131.68 131.96 132.25 132.55 132.86 133.19 133.52 133.87 134.22 134.59 134.98 135.37 135.78 136.20 136.63 137.08 137.54 138.02 138.51 139.01 139.53 140.06 140.60 141.16 141.74 142.33 142.93 143.54 144.17 144.81 145.47 146.14 146.81 147.50 148.21 148.92 149.64 150.37 151.11 151.85 152.61 153.37 154.13 154.90 155.67 156.44 157.22 157.99 158.77 159.54 160.31 161.07
127.73 127.89 128.05 128.22 128.39 128.56 128.74 128.93 129.12 129.32 129.53 129.74 129.96 130.18 130.42 130.66 130.91 131.17 131.44 131.72 132.01 132.30 132.61 132.93 133.26 133.61 133.96 134.33 134.70 135.10 135.50 135.92 136.35 136.80 137.26 137.73 138.22 138.72 139.24 139.77 140.32 140.88 141.45 142.05 142.65 143.27 143.90 144.55 145.21 145.88 146.57 147.27 147.98 148.70 149.43 150.18 150.93 151.69 152.46 153.23 154.01 154.80 155.59 156.39 157.18 157.98 158.78 159.58 160.37 161.16 161.95
127.70 127.86 128.03 128.19 128.37 128.55 128.73 128.92 129.12 129.32 129.53 129.74 129.96 130.20 130.43 130.68 130.94 131.20 131.48 131.76 132.05 132.36 132.68 133.00 133.34 133.69 134.05 134.43 134.82 135.22 135.63 136.06 136.51 136.96 137.44 137.92 138.42 138.94 139.47 140.02 140.58 141.16 141.75 142.35 142.98 143.61 144.26 144.93 145.61 146.30 147.01 147.73 148.46 149.20 149.95 150.72 151.49 152.28 153.07 153.86 154.67 155.48 156.29 157.11 157.93 158.75 159.57 160.39 161.21 162.03 162.84
127.68 127.84 128.00 128.17 128.35 128.53 128.72 128.91 129.11 129.31 129.53 129.75 129.97 130.21 130.45 130.70 130.96 131.23 131.51 131.80 132.10 132.42 132.74 133.07 133.42 133.78 134.15 134.53 134.93 135.34 135.77 136.21 136.66 137.13 137.62 138.12 138.63 139.16 139.71 140.27 140.84 141.44 142.04 142.67 143.31 143.96 144.63 145.31 146.01 146.72 147.45 148.19 148.94 149.70 150.48 151.27 152.06 152.87 153.68 154.50 155.33 156.16 157.00 157.84 158.69 159.53 160.38 161.22 162.06 162.90 163.73
127.65 127.81 127.98 128.15 128.33 128.52 128.70 128.90 129.10 129.31 129.53 129.75 129.98 130.22 130.47 130.72 130.99 131.27 131.55 131.85 132.16 132.47 132.80 133.15 133.50 133.87 134.25 134.64 135.05 135.47 135.91 136.36 136.82 137.30 137.80 138.31 138.84 139.38 139.94 140.52 141.11 141.72 142.34 142.98 143.64 144.31 145.00 145.70 146.42 147.15 147.89 148.65 149.43 150.21 151.01 151.82 152.63 153.46 154.30 155.14 155.99 156.85 157.71 158.58 159.45 160.31 161.18 162.05 162.91 163.78 164.63
127.62 127.79 127.96 128.13 128.31 128.50 128.69 128.89 129.10 129.31 129.53 129.75 129.99 130.23 130.49 130.75 131.02 131.30 131.59 131.89 132.21 132.53 132.87 133.22 133.58 133.96 134.34 134.75 135.16 135.60 136.04 136.50 136.98 137.47 137.98 138.51 139.05 139.60 140.18 140.77 141.38 142.00 142.64 143.30 143.97 144.66 145.37 146.09 146.82 147.58 148.34 149.12 149.91 150.72 151.54 152.37 153.21 154.06 154.92 155.79 156.66 157.54 158.43 159.32 160.21 161.10 161.99 162.88 163.77 164.66 165.54
127.60 127.76 127.94 128.11 128.30 128.48 128.68 128.88 129.09 129.30 129.53 129.76 130.00 130.25 130.50 130.77 131.05 131.33 131.63 131.94 132.26 132.59 132.93 133.29 133.66 134.05 134.44 134.85 135.28 135.72 136.18 136.65 137.14 137.64 138.17 138.70 139.26 139.83 140.42 141.02 141.64 142.28 142.94 143.61 144.31 145.01 145.74 146.48 147.23 148.00 148.79 149.59 150.41 151.23 152.07 152.93 153.79 154.66 155.54 156.43 157.33 158.24 159.15 160.06 160.97 161.89 162.81 163.72 164.63 165.54 166.45
